    0     1459139.46913446       1.000000     1.000000     1.000000     1.000000     1.000000     1.000000     1.000000     1.000000     1.000000     1.000000     965.2136   242.2165   102.3876    67.9831    39.8181    27.6066    21.1980    14.5604    12.4294     9.6730
    1     1454792.40729196       1.149588     0.902415     1.234437     0.972324     0.957105     0.944670     1.033203     0.986604     1.128064     1.170728     964.4646   242.0855   101.4265    68.2889    40.0858    27.3700    20.7400    14.2189    13.1245     8.8712
    4     1453340.06414797       1.190553     0.787491     1.280062     1.143852     0.911347     1.035146     0.944257     1.230316     1.254386     1.274558     963.9311   242.0344   102.0035    69.0824    40.3304    27.9504    20.5749    13.2396    12.3857     8.1726
    5     1449602.70991776       1.044149     0.870063     1.409817     1.065518     0.900177     1.032063     1.007489     1.091589     1.111875     1.530295     964.0115   242.5361   101.1991    68.8493    40.6442    27.5699    20.0627    13.3542    12.2716     7.0553
    6     1444583.65017906       1.260502     0.986652     1.755186     1.101291     0.939743     1.068150     1.152137     1.090627     1.232552     1.688904     963.0791   243.1539    99.8070    68.3603    40.2077    27.0927    20.8022    12.9472    12.9902     6.0849
    8     1443662.78579614       1.559689     1.221464     2.095652     1.156017     1.125111     1.181038     1.212676     1.263985     1.244524     1.518246     961.8584   242.1969   101.3163    68.9101    41.0235    26.4099    20.2188    13.7896    12.4981     5.8782
   11     1438976.70317352       1.873389     1.073276     1.805586     1.029208     1.272376     1.305883     1.277030     1.551123     1.404044     1.424779     963.2276   242.1093   101.3770    69.0265    40.2335    25.6549    19.6031    12.5978    11.6326     6.2139
   16     1436165.82404962       1.925432     1.320305     2.141681     1.098958     1.380162     1.383503     1.555879     1.929002     1.252162     1.713391     964.0602   241.0892    99.8597    68.4662    40.9801    26.3387    18.4271    14.1241    11.4858     4.9581
   18     1428340.94716081       2.205227     1.377707     2.207015     1.208414     1.440475     1.343942     1.425115     2.381088     1.541204     2.047287     962.6387   241.7279   100.8261    67.7805    40.3117    26.7586    18.6837    12.2705    10.2936     3.4808
   19     1422022.58928295       2.007659     1.377646     2.572379     1.486537     1.780854     1.429177     1.516446     2.119180     1.585490     2.285204     962.3056   241.2114    99.0851    66.6320    41.7028    26.0415    17.9209    12.5087    10.9823     2.1183
   20     1417507.79248419       2.139860     1.460137     3.199028     1.563880     2.084414     1.594528     1.711119     2.332724     1.708393     2.312570     963.3890   240.4885    96.5538    65.8812    40.2761    25.0922    18.9763    13.8372    11.8841     1.1929
   21     1405521.32728889       2.542393     1.367507     2.877572     1.714963     2.437012     1.666716     1.770287     2.353491     1.489543     2.350791     961.5802   240.1725    96.1578    64.9170    38.6130    25.8706    18.1867    12.9105    11.7906     0.2301
   22     1395797.36199618       3.143438     1.443325     2.512925     2.020765     2.526716     1.920665     1.653819     2.831819     1.642030     2.253171     964.0362   239.4702    95.9904    63.5094    37.4748    24.6107    17.8140    10.8322    10.8508     0.8676
   23     1392901.20603588       3.711191     1.564200     2.702196     2.202610     2.729575     1.998676     1.515743     2.653823     1.849866     2.372263     961.4381   240.3136    97.4059    64.7218    36.0202    23.6954    18.0890    11.4491     9.7154     2.0103
   24     1390921.97754208       3.710510     1.542130     3.090530     2.281608     3.406863     2.169033     1.624085     2.970169     1.887444     2.956833     962.8281   239.7822    95.4217    65.7453    38.7370    22.5200    17.2497     9.6631     8.9278    -0.3407
   31     1384811.91274782       4.012910     1.411893     2.642872     2.025330     4.028195     1.963299     1.939828     3.029658     1.736780     2.633726     960.6806   240.0349    95.4615    65.5304    35.9061    22.2210    18.6481    10.9256     8.5967    -0.6418
   32     1382397.92969169       4.102984     1.444960     3.045580     2.287465     3.775007     1.882132     2.322269     3.763702     2.169189     2.497586     958.9506   239.4228    97.4594    64.1155    35.0285    22.7543    20.3317     7.9544    10.3290     0.0055
   34     1372698.24863564       4.276363     1.664685     2.911875     2.468046     3.579616     2.126932     2.152338     4.020839     1.870775     2.957887     956.9785   238.3316    98.2672    62.8063    35.9556    21.4365    19.8856     5.9001    10.3964     2.0929
   35     1371807.31404701       3.770285     1.866302     3.609716     2.559751     3.078836     2.629945     2.121643     4.656538     1.725292     3.157559     956.6401   239.4599    95.4307    63.9611    35.8652    23.4916    19.1553     2.8031    10.7342     0.4845
   38     1362344.35258081       4.712290     1.778299     3.681660     2.813623     2.718977     2.488420     2.626216     4.559352     1.564376     3.187251     952.8712   238.9801    93.8972    65.5557    36.1201    24.1241    17.0982     1.2998    10.9789    -0.7738
   39     1361192.93029712       4.364134     1.817107     3.948541     2.684289     2.563964     2.134106     2.707837     5.409186     1.935166     3.977399     951.9745   238.2162    91.8493    64.8239    35.4880    24.1714    18.2871     5.1342    12.4925    -3.9444
   40     1348680.55680243       3.868606     2.260800     4.794959     2.908315     2.683241     2.241532     3.188702     6.018028     2.127002     4.808631     951.5768   236.4255    88.2526    63.2572    36.7477    25.2403    16.0695     1.5836    11.2873    -7.5140
   41     1339893.52512923       4.147599     2.306529     5.632537     2.813090     2.648443     2.653832     3.020355     6.366751     2.174152     5.832244     949.4286   237.3877    92.1446    62.4047    35.8285    23.3690    15.2946     4.7122    10.3718    -3.1517
   42     1331508.50779673       4.616278     2.777100     6.145661     2.643866     2.854295     3.218788     3.689449     6.722557     2.262869     7.103519     946.7015   235.3463    88.7496    63.0365    34.3207    20.9614    18.1000     1.4351    11.4088    -8.5170
   51     1329637.45115840       4.428275     2.799989     7.135845     3.179068     3.247903     3.096166     4.110538     7.688253     2.245238     8.599454     945.4404   236.4449    93.5297    60.7071    36.3751    21.8619    15.6637     6.3703    10.6044    -2.1134
   54     1324835.15566790       4.472892     3.242972     8.270924     2.970182     4.056108     3.479618     5.131912     7.731961     2.553042    10.674468     943.6683   238.6024    88.0161    61.3770    39.6136    19.7422    11.5688     3.3780    12.2158     6.2990
   56     1321785.16988308       4.140280     3.907131     7.402670     3.645374     4.539778     3.705757     6.080971     7.309713     2.561629     9.529712     944.5141   241.4789    88.9470    58.5752    36.8833    21.6124     7.2717     1.5341    13.1947     5.1579
   58     1303014.69250622       4.169297     3.939575     7.960623     3.221940     4.892072     4.014062     6.071247     7.731298     2.698587    11.724105     942.8889   243.0252    84.7761    58.8836    34.3002    19.4520     5.0156    -2.2610    11.8917    -3.9017
   61     1300408.52725404       4.905692     4.608712     8.073381     3.347705     5.348889     3.752403     6.763983     6.666193     2.968061    13.739627     939.4845   239.8750    81.5090    60.4063    37.2768    18.6008     9.0242    -2.0245    13.5773     5.5337
   62     1273643.54151254       5.529864     5.263204     9.552466     3.117418     6.461582     3.273501     7.463083     5.770726     3.047727    13.133167     936.0844   236.5105    74.7838    59.7266    32.4892    18.3909     4.7400    -1.7634    14.8895     9.1699
   63     1261658.21134967       6.536974     6.021992    10.015511     3.533246     5.554419     3.469516     8.560050     5.053090     2.667407    13.583449     940.6759   232.6398    70.0440    61.9352    32.3340    16.6733    -0.8011    -1.3934    14.6974     3.1192
   64     1250665.79042828       5.861736     7.477288    10.855213     3.419304     5.239982     2.975368     8.502522     5.290365     3.224173    13.902040     941.4391   226.7433    75.8991    60.8951    31.0372    16.7390     2.2651     1.0947    12.3052    -2.7710
   65     1248193.59755023       6.079881     6.586324    13.547994     3.685530     5.888078     2.780077     8.374665     4.630302     2.986102    16.232612     944.1826   227.3199    65.0964    62.8429    27.4520    16.1115    -0.6037     1.4284    12.9191     8.2686
   66     1235037.15246017       5.680737     7.119832    13.004946     3.699118     5.424878     2.634487     8.300056     4.761538     2.565492    19.671661     945.4647   223.5163    61.3735    61.4268    28.5020    15.4329    -3.5577    -0.6361    12.8508    -6.4162
   67     1227803.09601265       5.492958     7.178076    12.313665     3.809979     4.878496     2.974699     8.867948     5.085182     3.090683    23.227081     943.8039   220.7007    58.2249    59.7625    27.8336    13.5945     0.9746     1.9586    15.1259     9.8492
   69     1211958.79921075       4.978334     8.443095    12.794633     4.731393     4.760272     2.901948     7.701894     4.477253     2.698914    26.002622     943.0306   214.8464    64.0449    56.0302    29.3675    14.5281     1.3849     1.5715    14.9463    -5.7998
   73     1203044.05817877       4.287575     9.583899    12.247246     4.260578     5.216848     3.350212     7.121460     5.254288     3.083844    24.399859     942.8906   208.8282    67.4745    56.6275    32.2940    12.3192     2.8220     5.1931    12.9719    -0.0557
   81     1190012.14363258       4.482747    10.852046    14.423673     4.821994     6.480526     3.529297     8.173069     5.268660     3.310530    23.478628     944.9864   202.0639    57.4407    59.6287    27.1785    14.0233     8.1216     7.1993    11.2487    -6.9026
   85     1161508.62644887       4.661021    12.744061    13.630514     5.969464     5.604787     3.642209     8.934551     6.296786     3.372117    23.380761     947.1131   193.2643    60.8666    54.9518    27.4194    12.4175     3.1530     2.6533     9.8533     1.6572
   86     1156065.63659749       5.120210    14.302330    12.808537     5.611998     6.296861     3.793700     8.553994     7.143909     3.040152    21.195901     944.2173   184.5896    57.8101    56.2967    31.2513    14.1621     5.5521     7.1324    10.2879     4.9629
   87     1155648.28750383       5.651863    17.302093    13.417523     5.125315     5.537839     3.606853     7.389384     8.704892     2.795534    20.545798     947.4665   171.7269    51.4845    57.1845    30.7876    13.2065     5.2558    13.7138     9.7594    11.2861
   89     1155511.76851055       5.006110    19.062070    13.222792     5.349419     4.756599     3.506735     7.033523     7.947350     2.827119    22.408421     947.9715   182.6151    56.0292    54.7022    30.6640    14.3088     3.3745    12.3433     8.6321    -1.0752
   92     1152891.68007605       6.097628    17.662447    14.564812     6.388859     5.598423     3.473629     7.613816     6.777674     2.815892    22.996256     943.3655   186.2643    47.7156    50.0976    34.5523    15.5411     7.4628    12.3994     7.6000     8.7976
   94     1141826.42875340       6.361384    16.932017    17.555027     5.886731     6.347111     3.696865     9.316008     6.144898     2.656074    19.952207     940.4195   191.0617    34.7783    48.9571    38.5234    13.6804     0.3521    11.4397     6.9436     7.7841
   96     1118333.35529732       5.901992    15.646458    20.538003     7.061569     6.571841     3.395470     9.337927     6.800608     2.382682    19.813929     941.6565   194.1973    20.7377    43.8125    35.5814    13.0475    -3.1962     7.4961     7.2562     0.6477
  100     1095970.45087379       6.459053    18.042752    18.974191     6.779535     7.329387     3.597563     8.368828     6.651711     2.710698    18.003166     945.2624   182.3391    16.9455    41.8695    31.2231    11.2690    -4.2752     9.6741     5.5426    -2.2556
  104     1092169.61771581       6.321438    15.758396    19.692395     7.745505     8.560643     4.424041     8.999744     6.926557     2.335007    18.242003     943.1843   181.2840    25.8563    46.8267    25.3964     7.8537    -8.9908     6.4926     5.4653     5.0927
  117     1086990.18393194       3.068942     6.792436    10.656548     3.775595     5.289143     2.452640     4.689151     4.176917     1.064411     8.529861     944.1401   181.5218    20.1381    45.6173    21.2693     6.4227   -11.1514     3.4098     5.2853     7.0352
  120     1086837.04833988       3.332044     7.283149    13.031931     3.555762     6.392630     2.480126     4.872415     4.292848     1.241790     9.866609     945.9487   177.7478    10.2035    46.4836    26.0114     5.4342   -13.3680     5.2659     4.4427     0.4946
  123     1080315.41498433       3.981803     8.519636    14.611542     4.326036     6.319553     2.497553     5.658137     4.233166     1.534460    11.412994     943.0748   171.9254    19.0395    49.7427    23.7969     4.4606    -9.5765     6.7265     5.6400    -7.0713
  125     1075896.92806515       4.509661     8.922723    17.137469     4.127144     5.614859     2.634929     5.161604     4.454557     1.372874    12.833203     940.2620   176.1280     7.2453    50.8677    23.1888     5.7406    -8.6961     8.8675     5.4685     0.7591
  129     1073388.67751097       4.267306     8.754829    17.624768     4.707773     6.304566     2.872135     4.840226     4.028707     1.397813    13.365551     939.1767   173.2017    -0.3995    47.8685    27.0186     4.1595    -9.8282     8.2616     4.8914     6.9024
  131     1065038.83020837       4.840801    10.664139    15.948314     4.856260     7.124960     2.659452     6.041216     4.079222     1.672102    12.668262     942.2107   165.1454     2.0187    45.7319    22.6034     4.7048   -14.6458     9.8987     6.1013     3.6336
  133     1057008.10045818       5.694837    12.813115    15.725029     4.333444     6.257688     2.266093     5.189406     4.589531     1.850874    11.542968     946.1611   155.7739    -3.4037    46.2459    23.1071     4.6909   -14.7817     7.0932     5.0273     1.6962
  134     1050807.91751557       5.403445    13.411098    16.104753     4.762233     6.462852     2.444106     4.620173     4.418125     1.711326    10.444582     947.5682   149.4740     3.4425    48.9429    20.2475     3.3961   -14.2588     5.8006     5.3725     0.1135
  135     1031094.12641902       6.362092    13.550693    17.429329     4.621188     7.142316     2.162613     3.944006     5.246912     1.845160    10.755428     943.1453   144.0959    12.7932    47.5097    16.1253     3.6089   -14.3009     2.0719     4.3962    -4.5803
  139     1014917.57795667       7.853766    13.563230    19.431801     5.619568     6.089808     1.961702     3.818313     6.498357     2.020496    13.171056     937.0303   138.9830    24.3354    43.2808    16.1724     3.9176   -13.1362     7.1681     5.5265     5.4921
  140     1013941.14558141       8.412439    13.850226    18.153121     6.772006     6.907865     2.279136     4.346580     7.344696     2.025390    11.624506     941.3722   133.1793    20.2451    38.2924    20.5012     2.3884   -15.8887     2.6153     4.7565     6.5648
  141     1007824.94279426       8.479946    14.102675    16.258095     7.817338     8.608398     2.406191     5.007652     7.477375     2.405801    10.495423     938.0487   139.0043    18.1753    33.1395    13.6595     1.2161   -19.1713    -0.4706     3.0460     8.1013
  142      986406.35635258       9.412147    16.413754    19.916841     8.023338    10.728440     2.290065     4.822735     6.757045     2.529644    11.436058     932.5382   127.9381     2.9316    36.5860    22.1877     1.8281   -17.7558    -1.4738     4.2578     1.8139
  145      980876.35051954       8.624079    17.625550    17.644042     9.853441    11.790386     2.562424     4.170881     7.444705     3.120003    10.681966     930.9789   118.7534     4.7184    44.1700    15.5097     3.3678   -17.9347     2.7792     6.6823    -0.5893
  147      977152.52482971       7.913560    19.489899    17.919636    10.511259    10.780335     2.711928     4.151880     6.948746     3.605694     9.860715     929.5211   130.0239    -2.5871    38.8305    13.6134     2.0331   -16.4181     4.3311     4.2980    -2.5420
  149      972038.86699023       7.365907    20.746500    19.886628     9.035470     9.190394     2.764673     3.588446     8.595630     3.398181    10.741347     927.9227   119.5736   -14.2244    39.0827    13.5456     3.1819   -16.2697    -2.3919     5.1314    -8.4413
  152      965985.83321998       6.805881    24.609158    23.428008     8.679960    11.383100     2.451080     3.114257    10.294098     3.963892    10.660193     926.5605   102.1371   -30.5353    36.5832     4.6175     3.4347   -16.4299    -9.8614     2.4428   -12.2664
  153      962825.15308831       7.378952    21.232460    22.153861     8.153426    11.466739     2.483522     3.248187    12.075818     3.949690    12.441450     922.5756   102.9238   -36.1355    38.5218     0.1397     2.4345   -14.9272   -18.1760     0.9919    -3.8157
  155      928147.68655488       7.966052    21.006401    24.465363     7.667950    10.964852     2.671299     3.285334    13.979119     4.823750    12.210594     918.3408    95.5267   -22.0490    36.6780    -2.9056     1.0337   -13.6163    -8.8893     4.6581    -7.9041
  157      914881.54146462       7.335778    18.369001    28.984542     9.213949    12.914065     3.069784     3.594585    12.722525     4.821341    13.719360     916.9292    94.2428    -1.5766    29.9375   -11.8904     3.0316   -15.6214   -10.9900     2.8553     0.4468
  164      910063.42620448       8.356645    16.608309    35.219590     9.881375    15.092563     3.767466     4.265068    12.244853     4.863052    13.454469     911.6261    96.7295    24.8803    24.8137    -1.6014     5.9270   -18.6456    -7.4132     4.7675     4.9293
  172      899050.86445904       7.326372    17.758000    35.542254     9.228958    17.823449     3.248097     5.232684    11.193423     4.844617    13.124965     911.0681    87.6271    10.8663    26.8882    10.8855     5.8126   -14.6272    -5.4500     2.9900     9.1510
  181      896136.20999826       7.622171    16.869614    38.480282     8.705293    16.209714     3.136984     5.210364    13.816850     5.214126    13.182387     907.5812    83.1888    31.5397    29.0399    13.5350     4.8724   -16.5336     5.3061     0.2495     4.0856
  186      884173.45967062       7.162936    20.667662    37.194604    10.019956    16.022136     2.860278     6.369295    12.644056     6.274605    11.299413     905.8709    67.3676    42.7556    22.4887    19.1447     5.3570   -11.6824     3.0568     4.8560     3.8496
  187      870915.97050573       8.372600    20.315170    45.041621    11.485459    14.772064     3.521365     6.376253    14.675213     5.408477    11.597304     900.1607    74.2368     9.1901    29.9100    16.2615     8.0823   -14.0883    -6.7626     4.6683    -1.1324
  189      858658.71596739       8.731017    17.914464    45.097140    12.939708    13.382928     4.294260     5.671260    12.788691     5.636137    10.912914     896.1249    75.8532    -7.8393    21.9673    14.1948    11.3351   -14.7169    -5.9757     2.0710    -3.7704
  196      847528.19176470      10.021478    17.577267    42.771559    14.456066    13.775185     4.812719     5.819014    11.034788     4.900509    11.323125     889.6246    81.7281     3.2581    13.3240     8.1956    14.2416   -12.2208    -5.5647     1.7965    -8.8883
  197      844753.43784528      10.718201    16.900664    51.698585    16.753036    16.351863     5.812995     6.723715    10.482738     4.587191    10.129444     884.1248    76.8282   -35.0988     2.1606    -3.4118     9.9361   -16.6647    -2.8068     0.7421   -10.1503
  198      835031.85172256       9.694909    20.259602    44.159998    19.072126    15.385073     6.684925     5.981567    10.733595     4.527024     9.169050     882.6637    62.0931   -34.5583    -9.9195     0.3032    14.2958   -15.9986     1.7514     2.3119    -8.7527
  203      825165.06746271       9.794350    18.582694    39.106398    16.412850    14.658555     7.651451     5.112743    10.693762     4.116367     9.622853     878.7795    58.6880   -30.6323   -10.4234     4.2563    19.2190   -15.9276    -2.1742     2.9829    -4.1798
  206      822439.93447555      12.025604    22.863137    38.950322    14.096826    14.750536     8.184419     5.593654    10.864837     3.704271    10.428843     869.5285    76.3576   -16.3575   -10.7881    -1.4706    23.4207   -12.8081     2.2637     3.4963    -9.8033
  208      802318.70673140      14.177782    27.066148    38.323171    14.654357    15.120506     8.805656     6.022208     9.679116     3.868339    11.656776     859.6384    57.2764    -3.3191   -17.4683     4.9858    28.0429   -15.9771     3.3737     5.2955    -2.8227
  210      799892.17266354      13.576993    23.180470    36.432622    17.005501    14.700814    10.502073     6.324639     9.164808     3.768152    11.787273     863.4531    57.7120   -12.9639    -6.0950     9.6067    20.4998   -18.9915     5.7176     4.0954     1.8748
  211      780624.74366237      15.776962    25.598734    35.598193    15.022923    17.998835    12.301144     5.914492     8.546023     3.816845    11.105767     852.8618    42.9737    -1.3877    -4.6744    23.3646    12.0638   -20.3378     7.6074     2.5606     4.5913
  213      768520.15331841      14.791416    31.951233    36.732495    14.735478    19.280263    12.885867     6.297032    10.074765     4.683151     9.715734     849.4093    68.4544    14.7974    -9.5894    13.4114     5.9891   -17.1636     0.5808     6.1577     3.9017
  214      750688.43398352      16.340428    30.239852    36.800420    14.102087    16.585178    10.986709     6.950780    11.398964     4.724554    11.154214     839.9900    60.7512    28.7419   -13.5317    13.9038     6.0734   -13.1678    -6.5077     4.2980    -3.3379
  217      723909.66044191      14.923108    37.305901    35.755323    17.088475    20.597287    11.123549     7.710650    13.004898     5.263494    11.094690     837.4056    31.7461    39.9293    -0.7775    -2.3459     1.6112    -8.6616     1.7817     1.1789     0.6961
  218      713637.60813417      14.653769    41.674864    42.957041    15.119318    19.886578    11.186222     9.605836    11.558890     4.483608    11.796374     832.4828    56.6582     8.5167     0.7078    -8.2931    -2.7168    -1.0321     3.0435     1.1548     6.6109
  221      706347.60740683      17.206466    36.202902    38.035650    15.807632    18.886949    13.074516     9.647138    13.241101     4.270451    11.398162     820.6059    54.7101    12.3222     8.0983   -13.2515     6.1988     2.6733    -5.4966     2.3033    10.0390
  223      669847.79608040      19.949918    41.060527    47.382135    15.728351    20.754666    15.557430    11.909055    12.018916     4.013412    13.884965     807.2949    28.9899   -25.3074     2.3687    -1.4996    -4.9114    11.9458    -3.5866     1.3445    -0.4524
  226      661417.81915141      21.819407    44.753736    55.694751    17.087999    20.505773    15.899607    11.217630    13.848557     4.858242    13.452971     795.1399     4.3592    13.2424    11.6659    -8.6603     1.7781    14.6831   -12.6678    -2.2726    -4.5792
  239      653928.94109954      13.409253    19.062844    26.821088    10.183526     9.808676     8.069859     5.684905     6.483978     2.223160     7.656174     784.7999     4.2529     5.3654     4.3631    -5.9260    -1.5033    16.9767   -14.1637    -2.6686    -9.4259
  241      635150.72063543      15.794638    16.790381    32.644149    10.969089     9.838667     7.610051     5.338294     7.445943     2.116466     7.701301     773.8080     5.7203    29.9809    10.1458    -2.1728     0.3734    18.2420    -9.3273    -2.1017    -6.4420
  242      608355.65184783      18.356694    20.389008    33.431914    13.405839     9.083754     7.951215     5.915130     6.475072     2.388680     8.714158     761.4799    21.0133    15.7700    20.3511    -3.9750     4.0801    14.7980    -9.6923    -0.6275    -1.0219
  248      596182.92369410      20.503646    20.532777    29.255223    13.927650    10.619737     9.568457     6.620934     7.031581     2.390168    10.644727     749.2287    13.0080    17.8652    26.6828   -11.2214    -2.9447    10.8153    -5.8729    -1.5270    -9.1161
  262      580418.44737890      12.241991    11.401796    16.553292     7.679861     5.152886     5.691893     3.971677     4.301686     1.436026     5.795126     740.4089    19.6964     7.5656    22.2813    -9.6226    -7.0080    13.7098    -9.1560    -0.4764    -5.9383
  265      568402.02190588      12.580700    11.421662    19.573287     6.886101     4.661038     5.168738     4.270133     3.955096     1.772738     5.024289     734.9713    15.3711    -6.1918    21.3858    -8.9199    -6.1814    11.4743    -9.9027    -1.8567    -5.6922
  268      567902.83358526      12.708015    11.992451    19.925216     7.496563     5.172474     4.702098     4.935919     4.835293     1.940645     5.426265     729.9353     9.6610   -14.4116    25.4942    -5.8935    -5.4097    14.7400    -6.2191    -0.7722    -8.5813
  273      567070.74827748      11.647155    14.279073    23.445314     7.921184     5.506570     4.699917     5.747830     4.403152     2.126153     6.170596     732.0486    19.8747   -30.6838    21.6214    -8.6684    -7.1675    10.8593    -5.4862     0.4193    -4.6856
  281      548181.20652270      12.585355    13.651139    28.650614     7.885350     5.119079     4.808384     5.863256     4.393402     2.449947     6.734657     725.3355    23.6595    -8.8786    24.5023    -7.5721    -5.1339     8.4153    -7.1130     2.0261    -0.9615
  282      537809.00961666      12.276456    14.516116    32.968853     8.119952     4.674429     4.111777     6.504813     4.758931     2.652906     6.315081     721.3882    30.9411    12.6610    20.9588    -6.7641    -5.1955     4.6127    -4.5516     0.6000    -2.4380
  285      537789.90529403      13.915883    18.085374    33.875959     7.354114     5.098751     5.110176     7.351143     5.134794     3.082984     5.652453     712.6860    45.3078    27.2921    22.0892    -9.5778    -1.1576     9.1678    -1.8274    -1.4701    -1.7264
  288      518414.38450966      16.888398    20.933240    28.902243     8.592936     5.434173     4.748018     8.916696     5.372436     2.968912     5.383923     700.0362    31.4061    27.0229    27.9440   -12.3284    -0.1467     2.4972    -4.3470    -0.5991    -0.2781
  292      515743.54138865      17.283101    17.827886    32.231221    10.039344     6.365103     4.753246    10.344554     5.261545     3.362472     4.673944     692.7163    31.4927    46.1837    21.1057    -7.9633     1.6469    -4.4162    -6.0845    -2.6964    -0.0341
  296      492710.24395786      15.921794    21.988864    35.627235    11.598239     6.007375     5.326494     9.327476     4.955197     4.146190     4.416292     689.6384    14.4048    25.6069    13.4437    -9.4559    -1.5687    -5.7527    -7.2917     0.5239     1.0745
  297      482079.73807592      14.837030    19.190271    37.362829    13.889125     7.398693     5.955610     7.992545     4.537396     4.912143     4.927972     686.3797    13.1555     7.9077     3.3671    -3.7248    -5.1389    -5.9132    -8.1054    -2.9458     4.0098
  298      479371.12643503      14.053027    17.136825    32.530683    16.870589     7.080964     5.443085     7.029198     4.513721     4.818463     4.307064     682.7758    11.0927     9.8384    16.0292    -5.7050    -4.1869    -6.5020    -6.4630    -1.3380     3.7141
  300      471870.87024670      15.695408    21.181182    32.395864    20.999925     7.487535     5.929642     7.957076     4.587197     5.024619     4.654207     673.3999    27.6299    -2.0235    -0.6206    -9.3768    -7.4444   -11.4576    -8.3394     0.9843     1.2311
  305      455397.40161564      19.074955    22.906040    33.733226    18.424890     7.255274     5.745585     9.299628     5.701732     6.080967     4.004817     659.0653    15.3749   -17.5154     0.8168    -7.1496    -9.2079    -5.1174   -12.8459    -3.5408     1.1093
  307      451279.80687738      17.146880    25.462166    30.686256    17.187527     7.654943     6.998000    10.081768     6.170102     5.623273     4.827299     656.7324    30.3549   -12.4829    -2.9992    -3.4297   -14.4936     0.3254    -9.5368    -2.4046    -2.4488
  308      448025.97848514      17.172623    28.186115    37.859923    16.682067     7.048540     7.304908     9.812436     7.037229     4.960833     5.088695     650.2379    13.9967    16.9587    -8.1808    -2.0751   -11.1020     3.4327   -14.0184    -2.8573    -4.9125
  325      442912.70368441      10.150632    17.240473    17.008085     8.962351     4.022084     4.063310     5.349578     3.402273     2.444365     2.912615     643.1073    27.1502    19.2527    -3.4997    -4.6412   -13.4988     0.4845   -12.9898    -2.0172    -6.7873
  326      442653.76040288      11.008584    18.185112    18.258535     9.344583     4.257583     3.972681     6.019710     3.600022     2.853932     2.836897     637.1559    35.9770     9.7485     0.8168    -6.7383   -14.7960    -3.1970   -14.7600    -3.9578    -7.6902
  327      439962.68871536      11.381449    16.337823    19.924951    11.418474     3.736360     4.901271     7.274917     3.589530     3.211175     2.938045     632.0955    38.1782    -1.2645     9.5057    -6.4447   -10.9848     2.1984   -16.0838    -5.9211    -9.0069
  332      439409.09604260      11.678784    20.085045    22.771790    11.577393     3.516888     5.893557     7.506314     3.505526     3.084162     3.555295     627.0841    22.6834    13.3245    14.1850    -7.2972    -6.6661    -1.1081   -17.2199    -6.8078   -11.6518
  333      424823.31760478      12.303007    21.082186    26.662384    11.143498     4.212521     6.847662     8.856179     3.276565     3.131853     3.965199     621.1440    32.7082    -4.9414    10.9282   -10.3551    -2.0707     5.0814   -16.4777    -5.5320    -9.2938
  337      414729.60840716      14.614528    20.175199    27.548851    13.006265     4.209907     6.968461    10.244200     3.828190     3.169628     4.369232     610.7516    27.0698     7.2732    19.7639    -8.7820     0.7991    -1.7097   -13.8699    -6.8009   -11.7909
  339      413241.27525939      17.894269    20.914504    25.546884    15.194761     5.103260     8.133091    10.692297     3.735809     3.172548     4.143608     597.0718    17.6558    12.5991    30.1125   -12.5940     6.3239     3.2521   -15.0745    -5.6050   -12.8653
  340      401684.81782533      21.576312    20.221409    26.448355    17.518723     4.455781     7.066349    11.257737     4.070638     3.159186     3.639159     581.1563    11.5456     0.7653    41.6204   -12.2990     6.7069    -2.1711   -12.8365    -6.7613   -12.5725
  342      388871.79498284      23.270265    19.817398    28.873316    19.884857     3.934700     7.261342    12.788212     3.819976     3.262381     4.242596     568.8303    18.1186    16.7458    29.1356   -12.6672     9.8443   -10.2190   -11.9367    -5.3186   -15.4458
  343      384229.97941713      22.401818    17.250304    32.627541    17.448091     3.855802     8.674839    15.238055     3.757828     3.284821     5.131518     562.2751    19.1324    -3.4672    30.5005   -11.3890     3.5875     0.7012   -10.6596    -6.5981   -19.2591
  349      383176.38102661      19.986759    21.182771    38.218228    17.647497     3.620748     9.295776    12.976884     3.683351     2.965995     4.861066     564.6381     2.8324    22.7448    23.4590   -12.2473     8.3930     0.7626   -11.8826    -6.1633   -18.0109
  352      379496.93224235      20.074153    23.924364    38.593155    16.361654     4.367444     9.888586    11.459172     3.995635     3.015443     4.783687     572.3517    17.6299     7.4757    20.0557   -15.4718     3.4250    -0.3095    -9.7206    -7.3992   -16.3814
  353      354293.19911882      20.903013    27.215415    43.788980    19.924186     3.882273    10.874261     9.802817     4.875349     3.288598     5.841895     562.7517    34.8292   -19.9863     5.0138   -15.8966     9.5974    -0.4658    -6.0230    -5.5855   -11.9420
  363      320269.60571401      26.001705    24.047837    37.749487    20.288842     4.817577     9.757034     9.899643     4.879938     3.950379     6.814063     542.1663    32.5424   -18.6642    -3.3694   -12.1025    10.8822    -4.3839    -7.8627    -2.6979    -7.3209
  367      318764.60403532      28.193391    22.475471    39.681026    17.875201     5.833334    10.327471     9.759290     4.565143     3.897213     5.828542     526.9365    37.6294   -37.6491    -1.7952    -7.7565    15.9672    -1.0224    -8.9057    -4.0463    -7.4124
  369      314439.39549468      25.058222    27.228485    47.257961    20.952751     5.599904    10.218675     9.249497     4.400598     4.000743     5.622262     524.2019    57.9402    -3.8264   -16.1923    -6.1526    12.3664     1.3628   -10.2062    -2.3261    -9.0824
  375      289118.26105447      27.767655    26.456753    48.971873    20.264328     6.020883    12.484089     8.599315     4.335239     4.272240     5.784724     508.0315    49.6589    18.1801   -22.3285    -3.0002     2.8708     3.2059    -8.7194    -0.1470    -6.5679
  378      285012.83150177      29.097589    25.503453    47.012316    18.072461     5.305292    12.564978    10.190462     5.345084     4.975452     5.543240     494.2938    42.1208     4.7146   -24.4480    -2.5314    -2.0129    10.4085   -12.8697    -3.5072    -8.1334
  380      272074.86980165      34.360558    21.815175    55.636464    16.733883     5.794200    13.593441    10.628764     5.319349     5.793280     6.311913     470.2248    42.4639    43.9046   -27.8787     0.6804    -9.2959     5.4914   -10.9297     0.4032    -4.1330
  383      271658.23557450      29.867058    26.909812    57.695289    19.669234     5.177968    16.445199    10.817872     5.086500     6.503513     6.755287     468.5733    63.3812    17.8938   -14.2651     1.3126   -21.5229     1.0328    -9.5170     4.3513    -7.6085
  384      249990.99809198      35.476265    23.127061    54.909440    23.377073     5.283387    17.653149     9.480202     4.930918     7.238150     8.110515     443.3501    62.7469    32.5649     2.3805    -0.8926   -12.3361     1.7453    -7.9986     0.0759   -13.5298
  392      247319.38259038      40.400190    20.555629    51.544192    21.718702     5.590206    15.314614     9.684878     5.244552     7.115437     9.417803     417.7367    60.5028    20.3870     7.0009     1.8557   -11.5625     5.8121   -10.6317     2.4834   -19.8394
  393      229822.03095926      47.941787    20.965352    57.776345    19.262108     5.290605    16.385059    10.992086     6.123116     7.008749     9.677441     383.7327    69.2355    55.2965     4.9979     0.5083    -3.1434    12.7120    -6.4686     0.0818   -15.6586
  398      171040.63230240      42.542620    24.320422    62.913789    18.731732     6.356044    17.175540    12.604604     7.104093     7.308054    11.216706     379.2524    52.9858    20.7867    10.8953    -4.1392     4.9772     4.5586    -1.7200     3.4584    -8.1814
  401      170650.14177324      45.953352    23.012124    73.993382    21.785515     5.764340    15.193421    13.023227     6.485075     8.950900    10.583735     354.7721    47.1364   -30.5049    -3.7636    -3.2350     6.4628    10.3319    -0.6035    10.3060   -10.8053
  405      137345.33835416      47.210087    24.196928    73.916597    21.229938     5.663693    15.764293    12.121514     6.506856     7.823273    11.373078     334.3977    35.5449    -2.9494   -10.5442    -1.3250    -0.6620    12.9613     1.8828     9.7685    -4.8630
  415      128547.66790233      51.403983    28.081532    70.686366    18.658291     5.006644    14.676215    11.487348     7.068736     7.528342     9.894846     306.2092    16.7595   -22.5925    -9.0121    -0.8437    -3.8534    15.9215    -1.9619    11.9649    -5.4323
  418      107429.67093836      60.595066    25.973187    78.686264    20.179065     4.286436    15.036254    11.582149     8.336842     8.172373    12.023020     263.9550    22.0192    23.9146     1.7867    -0.7667     2.5503    11.3767     3.8591    16.3981     3.5987
  421      100711.85337962      60.061047    27.324329    95.763644    18.140832     4.660095    18.325048    11.784499     8.249863     8.474172    10.819027     242.5669     8.9014   -48.2862     4.2582    -3.3083   -11.3103     6.5276     0.9502    12.5790     2.1000
  424       70911.12290734      69.076341    32.486882   112.559687    18.499969     5.463481    16.521186    12.957859     7.319648     7.393658    11.863633     197.5058   -14.2516    29.6153    11.9589     0.4477   -13.6725    -0.8250     1.7184    12.1024    -4.5686
  425       52817.84857218      79.543004    38.048777   104.287335    22.592845     5.466441    20.511980    14.897039     8.982792     8.512020    11.531824     145.4355   -40.3389     8.0863    29.1286    -1.6085     2.4999   -10.5322    -5.1843     6.5339    -0.9493
  438       45161.56141133      47.189512    17.984718    44.999204    12.231550     3.125306     9.379744     7.112837     4.409519     4.766523     7.095464     111.9762   -44.8739     6.3936    22.5546    -3.6137     0.8445   -12.4862    -6.6639     3.6616    -6.4354
  440       40042.21416583      40.779407    18.981897    43.724973    12.529424     2.882615     9.800671     7.327973     5.232778     4.923559     8.223769     113.6470   -35.6367    -7.2955    27.8861    -4.1789     5.4143    -9.2810    -2.9522     5.8416    -0.9538
  444       29781.06849522      41.753471    16.714688    43.948779    15.541889     3.156674    11.372978     9.082939     6.504586     5.979548     8.076873     131.3744   -34.1865     9.6608    15.6564    -5.9451    -2.1918    -2.1456     2.1896     1.3553    -3.6705
  448       26873.71822665      46.816145    15.156715    46.658680    14.445300     3.522570    10.783661     8.518154     7.860986     5.301586     7.446104     103.0602   -31.8134   -13.5947    12.5697    -8.0435    -4.9833    -4.1397     8.0198     0.8079    -2.2186
  460       25803.69826027      22.276544     7.931265    25.575418     8.200089     2.059868     6.487168     5.073263     3.626021     3.004855     3.609019     109.0094   -28.0892     0.7690    17.7218    -6.6366    -0.2231    -0.5071     7.3071    -1.0713    -3.3297
  462       20022.11326028      22.333270     8.374397    27.134521    10.159530     1.854992     6.535159     4.600812     3.577896     3.480406     3.446194     100.5139   -24.0072    14.2575     9.7481    -6.3763     2.3296     0.2142     6.0676     1.2444    -2.3833
  466       15817.83474323      23.011095     8.971440    26.551669     9.910693     1.656277     6.630439     4.613272     3.302578     3.649513     3.302317      90.4443   -19.3742     5.5392     6.5604    -6.1775     5.0185     1.9707     6.7211    -0.4835    -1.4507
  473       13268.46878799      26.245880     8.435703    22.808199     9.029752     1.951961     7.401046     4.433085     4.012838     4.006713     3.178248      73.7282   -17.3492     4.9410     5.0463    -4.8172     9.4314     3.2502     3.7069     1.7781    -2.3789
  477       12916.67622968      27.333050     9.334567    21.518408     7.855661     2.023389     8.222116     4.424282     4.240431     3.502354     3.096265      86.2883   -22.7598    10.2696     5.4972    -3.9066     4.6034     1.6098     1.6332     2.0197    -1.3920
  492       11498.95888870      16.725839     5.681389    11.348874     3.973274     1.206321     4.591862     1.981619     2.519031     1.865186     1.558017      73.5151   -27.0453    15.7785     3.9106    -3.0407     1.8597     1.8630    -0.1590     1.0780    -0.7868
  496        9473.64517879      15.162862     6.709935    13.351048     3.840490     1.460597     4.912780     2.060284     2.681244     2.196693     1.703182      71.1504   -22.3434     6.5172     2.7526    -4.1287     4.3840     2.8028     1.1912    -0.4502    -1.7339
  497        8664.51361101      13.817594     7.093091    13.142825     4.012436     1.681423     5.586769     1.838951     2.348635     2.099810     1.610650      68.8274   -18.8693    11.0033     0.8826    -5.2285     0.8567     3.0221     1.0173     0.1313    -1.3266
  500        5981.83695221      14.208008     7.888388    12.465891     4.591829     2.063116     5.098562     2.122194     2.717005     1.787511     1.704571      62.6698   -14.2211     7.7671    -2.0706    -3.6438     1.7312     1.6244    -0.7844     0.1380    -0.4878
  503        4763.38419478      15.021139     9.228176    13.750951     5.483298     2.319082     4.489846     2.355265     3.037175     1.799739     1.562689      55.3090    -7.9135    -0.1203     1.8800    -5.0574     2.1214     3.0029     1.0349    -0.5629    -0.7723
  504        3529.80702710      18.644255    10.864997    14.695408     5.749654     2.327656     4.454489     2.893645     2.656829     1.590951     1.341017      40.6183    -0.3609     7.3975     4.6022    -5.9484     0.5261     0.7737     0.8468    -0.4100    -0.8041
  505        3115.27697912      20.852164    12.110023    12.782705     5.646631     2.605162     4.057280     3.571255     3.307435     1.578112     1.605902      28.1069    -7.5478     6.6685     6.5007    -4.3818     1.2035    -2.0055    -1.7760    -0.9745     0.3610
  509        2086.07979710      20.773700    13.947016    13.507464     6.553652     2.567797     3.560573     3.048497     3.495712     1.437943     1.905894      20.4835     1.5859     0.0630     2.1157    -3.4983     1.4832    -2.0378    -3.4870    -1.2158    -0.9912
  523        2075.45849124       9.097021     8.677392     6.024713     3.345247     1.417213     1.806819     1.713470     1.937488     0.614696     0.975236      21.1540     8.4607    -0.6471     0.7158    -2.6835     2.2171    -3.0824    -2.3575    -1.2069    -0.5781
  525        1474.42676504      11.140694     9.867874     5.519715     3.574125     1.267516     2.107965     2.083568     2.379875     0.583524     1.015283      29.6746     2.2305     0.3497    -1.1108    -2.8407     0.7867    -1.5146    -0.5249    -1.0543    -1.0440
  528        1157.19312669      12.232024     8.524149     4.956723     4.002707     1.082921     2.140620     2.290928     2.031228     0.701658     1.251941      22.7685     1.8893    -0.3127    -3.5226    -2.8546    -0.0854    -0.2149    -0.5458    -1.5685    -0.0716
  531        1037.04081281      12.492566     8.071644     5.076510     3.725561     0.970959     2.665933     2.260336     2.203011     0.840585     1.271188      17.5301    -0.1760     1.8455    -2.7144    -2.9808    -2.2014    -0.9975     0.6454    -0.9581    -0.5892
  540        1012.28435302      13.794211     9.345624     4.690486     3.487086     0.833981     2.382533     2.582568     2.734411     0.819726     1.577052       9.5913    -6.3878     0.9069    -1.9136    -2.9591    -2.4926     0.6557    -1.5092    -0.6950     0.6522
  557         737.70087274       5.869338     4.763652     2.654917     1.892150     0.361860     1.456941     1.234428     1.224989     0.420600     0.772941       9.5743    -4.4084    -0.7467    -0.8882    -2.9777    -1.3817     0.3136    -1.6664    -0.8755     0.3954
  558         527.34980489       5.222897     5.349733     2.314421     1.870240     0.395899     1.502498     1.521019     1.334238     0.494548     0.740080       8.9894    -1.1568    -0.8911    -0.2334    -2.7569    -0.7215     1.4930    -0.9339    -0.5329     0.6031
  562         476.74194083       5.952094     5.146294     2.401855     1.740770     0.337251     1.334742     1.827763     1.166120     0.507055     0.829723       5.2078    -2.6544    -1.9776    -0.6111    -2.7587    -0.5774     0.1557    -0.8539    -0.3162     1.1048
  567         471.27196849       5.749970     4.526196     2.376869     1.792751     0.325171     1.447677     2.027016     1.412101     0.439253     0.744400       6.9345    -3.0340    -1.1394    -1.3938    -2.6624     0.2054    -1.0278     0.1984    -0.3369     1.0069
  574         464.83499298       6.793517     4.211874     2.417398     1.811128     0.345744     1.575709     1.956714     1.567672     0.451975     0.873272       2.1694    -3.9455    -2.1320    -0.6756    -2.8358     1.0684    -0.4434     1.1169    -0.1403     0.4056
  587         423.52729231       4.221850     1.924316     1.204186     0.776581     0.197987     0.753470     0.990348     0.867515     0.278395     0.446663       5.5059    -3.6098    -1.6900    -0.6927    -2.9634     1.2779    -0.0466     0.6137     0.0754     0.2168
  593         370.06450641       5.104174     1.863272     1.156910     0.693408     0.227159     0.669093     0.986175     0.943357     0.307160     0.455903       1.7169    -3.0408    -1.3566    -0.7760    -3.1106     1.2063    -0.4075     0.0988    -0.1009     0.0262
  611         344.63364921       2.332286     1.008450     0.683898     0.395144     0.137797     0.320131     0.611404     0.474225     0.191799     0.240028       1.3094    -2.4994    -0.8761    -1.0271    -3.0074     1.2957     0.0732     0.2820     0.0523     0.1419
  613         327.34012392       2.675661     1.018523     0.713029     0.406594     0.149406     0.286825     0.607991     0.411374     0.192618     0.276205      -0.4236    -2.0961    -1.2054    -0.8503    -2.9268     1.3325    -0.1476     0.2613     0.1262    -0.0386
  616         316.88728946       2.457381     1.137494     0.676264     0.436308     0.157441     0.291088     0.536283     0.419382     0.171847     0.327728       0.0340    -2.7754    -1.3809    -0.6236    -2.8506     1.2142    -0.0988     0.0870     0.1465     0.1938
  624         306.08313331       2.205142     1.409255     0.670615     0.416379     0.187086     0.270340     0.503693     0.459216     0.183934     0.304818      -0.2569    -1.6695    -1.1414    -0.5098    -2.9838     1.1570     0.0208    -0.1698     0.2412     0.1282
  627         296.06298471       2.203608     1.432547     0.717975     0.439177     0.199815     0.283235     0.462597     0.499083     0.193421     0.344412      -1.0800    -2.2562    -0.7715    -0.2966    -2.8818     1.0233    -0.0653    -0.4417     0.3339    -0.0851
  632         270.10435531       2.288663     1.582981     0.890053     0.512509     0.212114     0.291565     0.429507     0.448730     0.237356     0.345665      -0.0410    -1.3429    -0.0721    -0.6447    -2.7761     1.1504     0.0254    -0.3804     0.1515    -0.2174
  639         258.47252681       2.549124     1.941741     0.956008     0.596328     0.196553     0.271689     0.502776     0.478400     0.232962     0.405710       1.4684     0.1476    -0.5708    -0.2429    -2.7355     1.2100     0.3696    -0.1380     0.2295     0.0623
  647         241.97937907       3.171319     2.185889     0.850210     0.590444     0.222748     0.237653     0.527327     0.506654     0.289115     0.356223      -1.0430    -1.1909    -0.4767    -0.0340    -2.5963     1.2268     0.1197    -0.3880     0.0018     0.0339
  649         241.42254430       3.803775     2.059930     0.832071     0.696162     0.196869     0.273495     0.636005     0.615315     0.284036     0.395633      -3.8134    -0.6861    -0.7502     0.4517    -2.5775     1.0481    -0.3497     0.0737     0.0975    -0.1982
  660         218.01286219       1.862798     1.336484     0.482053     0.372210     0.161214     0.213695     0.277920     0.301807     0.177336     0.257146      -3.1979    -1.8386    -1.0713     0.6426    -2.3836     0.8044    -0.3307     0.1744     0.2391     0.0243
  667         208.46922402       1.853491     1.483380     0.460058     0.350276     0.141125     0.221739     0.277033     0.261720     0.201057     0.316535      -3.8732    -0.9702    -1.1971     0.5578    -2.3938     0.7042    -0.2287     0.1874     0.1133    -0.2206
  668         173.39108623       2.194720     1.435707     0.568767     0.357919     0.148723     0.262619     0.246973     0.313061     0.197099     0.376311      -2.3250    -0.5331    -0.7528     0.4074    -2.3219     0.5189    -0.2574     0.4139     0.0478     0.0476
  669         160.88945642       2.407141     1.644515     0.489097     0.313303     0.132182     0.241494     0.257088     0.344783     0.203292     0.439051      -0.9710     0.5273    -0.7387     0.3847    -2.3075     0.4732    -0.1395     0.2172    -0.0416    -0.2504
  683         159.18359399       1.045216     0.892296     0.254048     0.174801     0.057670     0.119068     0.133514     0.160685     0.122016     0.252842      -1.0264     1.0107    -0.6232     0.4888    -2.3038     0.5143    -0.0789     0.1818    -0.1307    -0.0848
  684         158.51030852       1.135683     0.930056     0.313449     0.217478     0.066305     0.104339     0.158402     0.166488     0.135953     0.238310      -0.4083     1.4397    -0.3794     0.6610    -2.2606     0.5064    -0.1912     0.1070    -0.0501    -0.1433
  685         158.30762016       1.072330     0.866233     0.332549     0.213045     0.074351     0.088969     0.143660     0.192183     0.119951     0.258632      -0.1408     1.6290    -0.2141     0.5906    -2.2156     0.5057    -0.1686    -0.0197    -0.0610    -0.2835
  687         151.34808204       1.184213     1.031449     0.408223     0.233576     0.076262     0.088404     0.162555     0.167445     0.135639     0.273007       0.5410     0.8911    -0.5280     0.7218    -2.2482     0.4738    -0.0675    -0.0299     0.0232    -0.1505
  691         142.72359828       1.390907     1.039511     0.493930     0.242014     0.084726     0.088572     0.161066     0.175465     0.140930     0.255984      -0.4198     0.4841    -0.1607     0.8305    -2.1985     0.4402    -0.1247    -0.1127    -0.0409    -0.0907
  695         141.05402045       1.541863     0.943661     0.615185     0.209575     0.105874     0.075596     0.194834     0.152592     0.122437     0.256280      -1.3188     0.3339     0.3277     0.8401    -2.1138     0.4394    -0.2696    -0.1041    -0.0476    -0.1874
  698         135.67238842       1.356312     1.008346     0.560123     0.209274     0.108713     0.092036     0.190677     0.137335     0.119864     0.298640      -1.4331     0.8495     0.4207     0.7623    -2.0670     0.5089    -0.2069    -0.1232    -0.0870     0.0146
  700         127.52034920       1.687990     1.157821     0.593478     0.230295     0.103373     0.100366     0.228017     0.132825     0.127027     0.302786      -0.0953     0.0977     0.1273     0.6313    -2.0396     0.5642    -0.0420    -0.1634    -0.1499     0.1369
  702         123.46964755       1.889243     1.332812     0.735436     0.197949     0.111233     0.094512     0.209940     0.139578     0.125514     0.318174       1.0409     0.9694    -0.4502     0.6258    -1.9812     0.5412    -0.0823    -0.0967    -0.1060    -0.0151
  706         119.29232563       2.292723     1.498159     0.704380     0.230436     0.107084     0.109421     0.213604     0.162200     0.120340     0.316628      -0.6763     0.0562    -0.2520     0.4703    -2.0125     0.4685    -0.1702    -0.2056    -0.0719     0.1004
  712         112.24770914       2.773855     1.317949     0.774997     0.283409     0.129335     0.113681     0.225497     0.179510     0.135778     0.390070       1.3863    -0.0551    -0.6927     0.2515    -1.9168     0.4168    -0.0604    -0.1015    -0.1556    -0.2020
  714         105.96377121       2.487332     1.288218     0.782527     0.267943     0.135229     0.131524     0.220096     0.221285     0.150300     0.334173       1.7102     0.3648    -0.3833     0.3191    -1.8535     0.5041     0.0107     0.0702    -0.0684    -0.1955
  724         103.33798982       2.805568     1.559429     0.958657     0.246879     0.141458     0.161516     0.230247     0.253302     0.175742     0.352281      -0.0182    -0.7963     0.3505     0.2713    -1.7872     0.6284     0.1186     0.2333     0.0516    -0.0249
  727          93.61733872       2.882917     1.367248     1.161449     0.302930     0.165239     0.194895     0.245690     0.299054     0.150571     0.388108       1.2273    -0.6920    -0.5160     0.0385    -1.6747     0.4843     0.2435     0.0239     0.0486    -0.2465
  735          81.10923918       3.379750     1.580998     1.188086     0.310473     0.142505     0.190180     0.241945     0.274725     0.133853     0.385138      -1.0959     0.3551    -0.0138    -0.0939    -1.6696     0.4230     0.1608     0.0752     0.0633    -0.1084
  747          72.63367695       1.967077     0.680666     0.510708     0.175006     0.085181     0.108386     0.103532     0.169091     0.068677     0.202868       0.2308     0.3770     0.0006    -0.2015    -1.6081     0.3541     0.1625    -0.0556     0.0927    -0.0105
  750          68.27803216       1.788873     0.703216     0.442150     0.193899     0.106398     0.106808     0.088754     0.163414     0.070371     0.214242       0.5230     0.0654     0.0207    -0.3144    -1.5231     0.3909     0.1606    -0.0064     0.0627    -0.1150
  751          60.83340358       1.661198     0.679539     0.429080     0.175128     0.126031     0.122494     0.101505     0.190204     0.083058     0.257334       0.8746    -0.1392    -0.1124    -0.3402    -1.4341     0.3116     0.0955     0.1219     0.1209     0.0731
  758          58.50048538       1.895030     0.659967     0.391193     0.166202     0.127024     0.148436     0.099638     0.223640     0.078038     0.280981       2.0822     0.0667    -0.0462    -0.3835    -1.3844     0.2008     0.1289    -0.0331     0.1023    -0.0825
  759          56.22732854       2.074607     0.590553     0.342202     0.195661     0.108536     0.161125     0.112186     0.234036     0.080444     0.339512       0.9226    -0.0072    -0.0704    -0.2476    -1.3858     0.1134     0.0601    -0.1429     0.1375     0.1692
  762          46.50053687       2.192739     0.670195     0.339045     0.200734     0.130534     0.138530     0.100875     0.270731     0.069776     0.305329      -0.1507    -0.4278     0.0500    -0.1615    -1.2901     0.1095     0.0463     0.0366     0.1340     0.1273
  764          44.57980266       2.234363     0.701492     0.387517     0.194549     0.118587     0.170314     0.090439     0.235332     0.071908     0.318284      -1.0771    -0.0982    -0.1983    -0.1017    -1.2710    -0.0219     0.0581     0.0236     0.1655    -0.0196
  767          43.60708574       2.136517     0.752174     0.421376     0.220731     0.141738     0.174733     0.095089     0.246486     0.069308     0.329769      -1.6703    -0.4880     0.0316     0.0367    -1.1686     0.0530     0.1036    -0.0926     0.1451    -0.1676
  773          42.47087631       1.986568     0.862815     0.480517     0.273091     0.175321     0.155192     0.096721     0.241313     0.067913     0.313719      -1.2440    -1.0466     0.3375     0.2504    -1.0315     0.0697     0.0639    -0.0131     0.1226    -0.2512
  774          34.54778832       2.168762     0.877784     0.586135     0.249574     0.154905     0.184805     0.105230     0.239937     0.079848     0.352661      -0.0436    -0.6857    -0.1067     0.2068    -1.0462     0.2019     0.0063     0.0740     0.1779    -0.0362
  788          32.82980936       0.983548     0.547484     0.326625     0.113622     0.080138     0.098394     0.052068     0.145212     0.048558     0.187839      -0.1981    -0.2496     0.0871     0.1879    -1.0105     0.1523     0.0247    -0.0341     0.2144    -0.1311
  794          30.74616392       1.109975     0.494187     0.279241     0.125103     0.078761     0.119330     0.052930     0.147034     0.054170     0.160574       0.4868    -0.1775     0.0830     0.2592    -0.9839     0.0630     0.0030    -0.0931     0.1822    -0.1288
  796          30.27823660       0.996848     0.493850     0.259845     0.117110     0.069556     0.148858     0.064120     0.125076     0.049928     0.170503       0.6202    -0.3620     0.1393     0.2861    -0.9904    -0.0556    -0.0448    -0.0929     0.1725    -0.0438
  799          28.32670614       1.173470     0.422368     0.281771     0.105150     0.070956     0.169217     0.069548     0.153103     0.053235     0.146387      -0.1952    -0.3555    -0.0130     0.2721    -0.9608     0.0512    -0.0072     0.0241     0.1995    -0.0401
  805          26.32084165       1.064800     0.369487     0.255799     0.125202     0.087272     0.198387     0.085240     0.166896     0.048058     0.127181      -0.0268    -0.3293     0.0277     0.3617    -0.8934    -0.0852     0.0581    -0.0678     0.1924    -0.0332
  815          23.91471320       1.002382     0.349332     0.244464     0.148402     0.081186     0.225383     0.079806     0.174212     0.055418     0.148015      -0.2701    -0.4175     0.0953     0.2567    -0.8759     0.0567     0.0765     0.0131     0.1560     0.0665
  818          20.57121276       0.857655     0.400356     0.242991     0.134547     0.098287     0.244185     0.075437     0.177166     0.051127     0.153624      -0.2841    -0.1589     0.0073     0.2357    -0.8027     0.1882     0.0575    -0.0596     0.1460    -0.0030
  823          20.54574660       0.808958     0.398808     0.212330     0.156087     0.107598     0.284208     0.064963     0.182902     0.055717     0.165530      -0.4840    -0.0127    -0.0071     0.3400    -0.7426    -0.0034     0.0596    -0.1404     0.1766     0.0844
  824          19.27726475       0.699888     0.469256     0.237419     0.183108     0.123904     0.336409     0.072555     0.200029     0.065697     0.185620      -0.4533    -0.3384    -0.1495     0.2139    -0.6615    -0.2405     0.1030    -0.0290     0.2225    -0.0279
  827          18.09245267       0.776584     0.570616     0.228226     0.207674     0.114408     0.323447     0.068037     0.223567     0.078849     0.204958       0.0009     0.0910    -0.0834     0.0838    -0.6842    -0.1468     0.0870     0.1048     0.1649    -0.1459
  832          16.15674722       0.793586     0.643053     0.249693     0.221868     0.127117     0.373736     0.065580     0.278037     0.087783     0.248693       0.3346    -0.3041     0.0558     0.1972    -0.6095     0.1002     0.1064    -0.1152     0.2168     0.0403
  845          15.09040907       0.466760     0.325232     0.114243     0.125825     0.065066     0.163944     0.034369     0.159311     0.039347     0.133019       0.6583    -0.1742     0.0355     0.1184    -0.5819     0.0875     0.1227    -0.0123     0.2118     0.1086
  848          15.04739034       0.417479     0.354145     0.114654     0.126742     0.075621     0.174455     0.041393     0.173634     0.034012     0.127351       0.7101     0.0200     0.0794     0.0689    -0.5311    -0.0003     0.1531     0.0832     0.2132     0.1444
  850          14.79248059       0.469930     0.365502     0.130223     0.151350     0.066290     0.190652     0.039456     0.200338     0.030465     0.143451       0.9978     0.1812     0.1613     0.1779    -0.5261    -0.1062     0.1638    -0.0486     0.2171     0.0564
  852          11.28771750       0.440993     0.343758     0.147833     0.157969     0.082272     0.172732     0.045483     0.195260     0.029156     0.164857       0.8939     0.0985     0.0685     0.1046    -0.4613    -0.0795     0.1339     0.0138     0.2089    -0.0510
  854           9.47567733       0.420365     0.397490     0.142177     0.139218     0.102501     0.178677     0.054412     0.189510     0.029246     0.140138       0.7801    -0.1647     0.1097     0.0923    -0.3799    -0.1591     0.0945    -0.0451     0.1977    -0.0510
  857           7.74976359       0.367045     0.387747     0.127766     0.135258     0.121389     0.190850     0.062510     0.206124     0.029119     0.129378       0.8045    -0.0400     0.1270     0.0500    -0.2942    -0.0617     0.1352     0.0675     0.1871    -0.0766
  873           7.31180661       0.193070     0.205420     0.079301     0.083329     0.070944     0.085662     0.034473     0.121345     0.016200     0.075407       0.8972     0.0615     0.0645    -0.0146    -0.2458    -0.0731     0.1154     0.1519     0.1775    -0.0256
  874           7.17820691       0.172431     0.176967     0.073014     0.076924     0.074707     0.077943     0.040988     0.110283     0.016283     0.070160       0.8764     0.0674     0.0786    -0.0299    -0.2098    -0.0859     0.0862     0.1698     0.1838    -0.0104
  875           6.48918761       0.209752     0.180024     0.066542     0.090911     0.066111     0.070886     0.051090     0.125955     0.015329     0.072909       0.7184     0.1415     0.0674    -0.0937    -0.2033    -0.0975     0.1268     0.0892     0.1875    -0.0436
  878           4.90252038       0.247912     0.161658     0.079002     0.085584     0.079654     0.060653     0.059646     0.111719     0.017506     0.083800       0.5443     0.1630     0.1235    -0.1145    -0.1446    -0.0985     0.0863     0.0776     0.1763     0.0110
  880           4.62448222       0.252932     0.195265     0.069089     0.076533     0.095380     0.052557     0.064354     0.102499     0.018136     0.090027       0.4388     0.3077     0.1186    -0.1050    -0.0754    -0.1010     0.0522     0.0587     0.1845    -0.0360
  883           4.21445657       0.269136     0.204667     0.060201     0.066081     0.107142     0.051703     0.058930     0.107767     0.021729     0.084442       0.5742     0.2110     0.1149    -0.1024    -0.1406    -0.1186     0.0416     0.0071     0.1687    -0.0162
  892           4.09100407       0.261121     0.207422     0.071541     0.070320     0.115196     0.053636     0.065997     0.121991     0.022130     0.084060       0.4933     0.2946     0.0640    -0.0670    -0.0803    -0.0943     0.0813    -0.0688     0.1596    -0.0469
  893           3.47867539       0.253539     0.249474     0.087288     0.081960     0.143150     0.063044     0.061457     0.120552     0.021626     0.096290       0.4143     0.1117    -0.0022    -0.0116     0.0328    -0.0507     0.0947    -0.1110     0.1525     0.0152
  896           3.14835025       0.253496     0.289318     0.107397     0.099002     0.147274     0.078784     0.062177     0.133111     0.026682     0.105165       0.3193     0.3049     0.0808    -0.0849     0.0968     0.0123     0.0699    -0.0344     0.1318     0.0734
  898           2.48972958       0.294629     0.335222     0.099285     0.092413     0.151662     0.068325     0.060782     0.114744     0.023860     0.093256       0.1215     0.0816     0.0608    -0.1056     0.0306     0.0157     0.0897    -0.0304     0.1288     0.0638
  899           1.77965142       0.265845     0.344021     0.103584     0.087217     0.137271     0.062890     0.075738     0.111217     0.023119     0.088927       0.0829    -0.0661     0.0128    -0.1272     0.0515     0.0277     0.0295     0.0038     0.1217     0.0396
  916           1.66966750       0.129178     0.210626     0.051695     0.053069     0.085545     0.038346     0.041086     0.052008     0.011182     0.047046       0.0424     0.0949     0.0320    -0.1672    -0.0165    -0.0013     0.0073    -0.0080     0.1183     0.0165
  920           1.55310694       0.113437     0.209580     0.053374     0.057190     0.091246     0.039643     0.041735     0.049060     0.010555     0.046102       0.0515     0.0186     0.0084    -0.1370    -0.0629     0.0163     0.0243    -0.0202     0.1157     0.0012
  928           1.50298759       0.119444     0.202689     0.066489     0.061211     0.077867     0.035264     0.042496     0.045372     0.009240     0.042445      -0.0060     0.0799    -0.0444    -0.1055    -0.0621     0.0202     0.0419    -0.0110     0.1150    -0.0069
  942           1.47351616       0.064963     0.108788     0.029137     0.034521     0.035869     0.020255     0.024420     0.026025     0.004889     0.025493      -0.0415     0.0233    -0.0466    -0.0843    -0.0552     0.0070     0.0578     0.0059     0.1126    -0.0256
  944           1.44056047       0.067896     0.103555     0.035694     0.036457     0.033768     0.017785     0.027339     0.030307     0.005756     0.029258      -0.0732     0.0510    -0.0739    -0.0665    -0.0634     0.0056     0.0413    -0.0146     0.1166    -0.0066
  945           1.42812737       0.067428     0.122735     0.042890     0.034227     0.041747     0.020162     0.027798     0.035591     0.006096     0.029463      -0.0975     0.1378    -0.1053    -0.0746    -0.0307    -0.0070     0.0299     0.0100     0.1136    -0.0181
  947           1.41003229       0.067691     0.151636     0.049805     0.035862     0.048461     0.020895     0.031918     0.034517     0.007497     0.026320      -0.1235     0.0195    -0.0719    -0.0915    -0.0632     0.0024     0.0506    -0.0007     0.1078    -0.0213
  958           1.10432244       0.033314     0.077720     0.026604     0.027229     0.035835     0.010191     0.021900     0.018828     0.005313     0.012114      -0.1121     0.0527    -0.0855    -0.0615    -0.0251    -0.0009     0.0298    -0.0111     0.1025    -0.0189
  960           1.02292158       0.029689     0.088664     0.031394     0.024372     0.034406     0.012359     0.024173     0.020078     0.005048     0.012341      -0.1087    -0.0038    -0.0635    -0.0646    -0.0152     0.0084     0.0159    -0.0009     0.1012    -0.0241
  961           1.00930723       0.027066     0.086470     0.038788     0.023568     0.035146     0.014086     0.020669     0.019438     0.005889     0.014792      -0.1132    -0.0315    -0.0333    -0.0575    -0.0005    -0.0006     0.0162    -0.0068     0.1052    -0.0133
  962           0.96050960       0.029936     0.087527     0.033480     0.023124     0.039829     0.014831     0.025416     0.016525     0.005510     0.014671      -0.0959     0.0035    -0.0320    -0.0497    -0.0254     0.0066    -0.0034    -0.0068     0.1039    -0.0081
  964           0.92077584       0.033563     0.099589     0.037077     0.027559     0.038708     0.014446     0.024252     0.017671     0.005619     0.013908      -0.0756    -0.0595    -0.0104    -0.0300    -0.0375     0.0020     0.0032     0.0022     0.1016    -0.0116
  965           0.85313953       0.036902     0.120186     0.045459     0.028114     0.038996     0.013997     0.020995     0.021436     0.006506     0.012022      -0.0965     0.0294     0.0244    -0.0417    -0.0223     0.0063     0.0023    -0.0138     0.0973    -0.0121
  967           0.81665989       0.041038     0.106996     0.041130     0.034224     0.034937     0.011927     0.021844     0.025413     0.006457     0.012816      -0.1207     0.0415     0.0306    -0.0159    -0.0178     0.0063     0.0123     0.0042     0.0949    -0.0186
  980           0.81116992       0.024506     0.064515     0.024521     0.015314     0.019844     0.006988     0.011357     0.015656     0.003202     0.007462      -0.1031     0.0891     0.0482    -0.0178    -0.0053     0.0111     0.0071    -0.0080     0.0938    -0.0136
  981           0.80606704       0.028913     0.065653     0.028899     0.013022     0.023888     0.006544     0.010376     0.014971     0.003697     0.009168      -0.0829     0.1161     0.0281    -0.0178     0.0123     0.0126     0.0089    -0.0038     0.0914    -0.0207
  982           0.72060007       0.031238     0.077484     0.032949     0.011703     0.027847     0.006361     0.009061     0.013940     0.003954     0.011299      -0.0662     0.0619     0.0071    -0.0162     0.0311     0.0106     0.0095    -0.0068     0.0893    -0.0119
  988           0.71152491       0.037465     0.070599     0.028613     0.012922     0.027890     0.007918     0.007881     0.014237     0.004025     0.010429      -0.0935     0.0501     0.0087    -0.0088     0.0417     0.0044     0.0090    -0.0128     0.0877    -0.0098
  991           0.65205790       0.032997     0.080126     0.031788     0.013422     0.033696     0.007464     0.007695     0.012280     0.004259     0.010614      -0.0964    -0.0002    -0.0100    -0.0149     0.0167     0.0025     0.0115    -0.0132     0.0856    -0.0142
  999           0.63113775       0.032230     0.069256     0.030871     0.016431     0.033981     0.009146     0.007508     0.011166     0.004783     0.009624      -0.1068    -0.0031    -0.0004    -0.0023     0.0300     0.0095     0.0139    -0.0151     0.0827    -0.0127
 1001           0.59374122       0.034001     0.059353     0.031553     0.014070     0.036119     0.007944     0.008714     0.012695     0.005766     0.011221      -0.0903    -0.0019    -0.0137    -0.0026     0.0120     0.0100     0.0081    -0.0231     0.0784    -0.0203
 1002           0.54325271       0.040912     0.051469     0.032174     0.016113     0.033062     0.009015     0.007721     0.013457     0.007066     0.012179      -0.1203    -0.0044    -0.0003     0.0078     0.0179     0.0156     0.0089    -0.0297     0.0730    -0.0137
 1006           0.47577455       0.039246     0.061552     0.040159     0.014028     0.033410     0.011065     0.008548     0.015789     0.007969     0.012276      -0.1092    -0.0489     0.0317     0.0069     0.0046     0.0071     0.0139    -0.0189     0.0681    -0.0185
 1008           0.40496469       0.038873     0.072036     0.041782     0.012743     0.030307     0.011389     0.010328     0.013948     0.009314     0.012071      -0.0954     0.0004     0.0509     0.0049    -0.0002     0.0022     0.0215    -0.0175     0.0617    -0.0144
 1010           0.38833629       0.039939     0.068592     0.047048     0.012550     0.037277     0.014166     0.010124     0.013733     0.010697     0.013504      -0.0781    -0.0180     0.0797     0.0092    -0.0290     0.0134     0.0182    -0.0222     0.0548    -0.0063
 1012           0.31192356       0.039094     0.066964     0.058172     0.014727     0.032058     0.014136     0.012447     0.015996     0.009574     0.016124      -0.0653    -0.0397     0.0342    -0.0010    -0.0280     0.0081     0.0086    -0.0114     0.0560     0.0053
 1013           0.27117978       0.045631     0.062408     0.066510     0.015872     0.035007     0.013645     0.011855     0.015714     0.008319     0.014194      -0.0343    -0.0260    -0.0084     0.0074    -0.0086     0.0041     0.0117    -0.0061     0.0555     0.0065
 1023           0.25452193       0.044174     0.057021     0.068828     0.019658     0.040692     0.015561     0.010824     0.013648     0.009780     0.014617      -0.0477    -0.0160     0.0223     0.0228    -0.0360    -0.0059     0.0136    -0.0069     0.0488     0.0001
 1027           0.25178993       0.039272     0.049602     0.068206     0.021911     0.037493     0.014010     0.012026     0.013662     0.010219     0.012894      -0.0520    -0.0189    -0.0019     0.0358    -0.0432    -0.0078     0.0207    -0.0017     0.0440    -0.0010
 1028           0.22154504       0.034134     0.061728     0.073275     0.022179     0.042601     0.015469     0.014114     0.013689     0.010186     0.013827      -0.0539    -0.0678    -0.0402     0.0447    -0.0164     0.0011     0.0109    -0.0069     0.0403    -0.0082
 1036           0.19204682       0.032257     0.063511     0.066336     0.020736     0.042609     0.015188     0.013547     0.012979     0.011740     0.016046      -0.0620    -0.0954    -0.0301     0.0494    -0.0004    -0.0040     0.0148    -0.0103     0.0326     0.0025
 1042           0.16808875       0.038800     0.078667     0.057149     0.023313     0.039940     0.013104     0.015581     0.012049     0.013561     0.016020      -0.0336    -0.0337    -0.0281     0.0637    -0.0097    -0.0045     0.0250    -0.0128     0.0236    -0.0034
 1054           0.13366997       0.023133     0.042312     0.033869     0.009921     0.023182     0.006991     0.008419     0.007239     0.006949     0.009068      -0.0170    -0.0115    -0.0042     0.0637     0.0058    -0.0009     0.0205    -0.0075     0.0206    -0.0091
 1055           0.12246267       0.022138     0.045623     0.037035     0.011050     0.021666     0.007851     0.009046     0.006162     0.006194     0.008196      -0.0108    -0.0356     0.0164     0.0572     0.0107    -0.0057     0.0158    -0.0075     0.0199    -0.0103
 1059           0.10551957       0.025367     0.047773     0.032341     0.010938     0.019202     0.009415     0.009242     0.006221     0.006721     0.008390       0.0056    -0.0131     0.0186     0.0533     0.0127    -0.0126     0.0197    -0.0051     0.0163    -0.0067
 1066           0.06651721       0.023325     0.042549     0.035394     0.013204     0.017622     0.010639     0.010201     0.005980     0.008295     0.010453       0.0100    -0.0180     0.0383     0.0435     0.0094    -0.0060     0.0138    -0.0033     0.0098     0.0016
 1069           0.04842523       0.019944     0.048576     0.040181     0.014223     0.020282     0.012758     0.009219     0.005946     0.007864     0.011227       0.0103     0.0130     0.0131     0.0360    -0.0038     0.0033     0.0152    -0.0012     0.0119    -0.0043
 1073           0.04538686       0.017958     0.043556     0.039769     0.015686     0.021910     0.012605     0.008719     0.007267     0.006880     0.010539       0.0128     0.0187    -0.0009     0.0270     0.0078     0.0077     0.0174    -0.0067     0.0114    -0.0018
 1081           0.04226202       0.017550     0.040173     0.049072     0.015176     0.026924     0.013944     0.008966     0.008207     0.007597     0.008994       0.0071     0.0266    -0.0391     0.0224    -0.0129    -0.0004     0.0135    -0.0016     0.0070    -0.0019
 1093           0.03266317       0.010609     0.018107     0.023949     0.007211     0.014590     0.008155     0.004699     0.003583     0.003310     0.004900       0.0150     0.0240    -0.0314     0.0205    -0.0051    -0.0059     0.0113    -0.0014     0.0072    -0.0046
 1099           0.01921146       0.010076     0.018923     0.029366     0.006967     0.013640     0.008429     0.005030     0.003525     0.004060     0.005565       0.0123     0.0328    -0.0089     0.0184    -0.0020    -0.0097     0.0087    -0.0002     0.0041    -0.0011
 1107           0.01674937       0.008991     0.018799     0.031233     0.008707     0.011986     0.009268     0.005980     0.004005     0.003823     0.005051       0.0113     0.0260     0.0068     0.0254    -0.0010    -0.0044     0.0044     0.0023     0.0031    -0.0019
 1111           0.01577896       0.010593     0.020765     0.033759     0.010837     0.011158     0.009321     0.006327     0.004670     0.003810     0.005570       0.0039     0.0380    -0.0112     0.0168     0.0014    -0.0080     0.0013    -0.0008     0.0046     0.0013
 1114           0.01038810       0.009280     0.023606     0.030681     0.011271     0.010126     0.009679     0.005839     0.004446     0.003621     0.005148       0.0032     0.0231    -0.0162     0.0117     0.0031    -0.0036     0.0001     0.0003     0.0055     0.0023
 1121           0.00733334       0.008290     0.026182     0.027767     0.012191     0.009943     0.009597     0.006305     0.004332     0.004466     0.004738       0.0042     0.0078    -0.0204     0.0051    -0.0003    -0.0071    -0.0032    -0.0010     0.0020     0.0014
 1122           0.00607419       0.010266     0.026079     0.031161     0.012778     0.011221     0.009818     0.005696     0.004469     0.005429     0.004043      -0.0038    -0.0018    -0.0015    -0.0009     0.0066    -0.0029    -0.0040    -0.0030     0.0061     0.0014
 1134           0.00383615       0.005192     0.013224     0.016218     0.005516     0.007000     0.005013     0.003260     0.002657     0.003179     0.002088      -0.0059    -0.0071     0.0059    -0.0011     0.0011    -0.0008    -0.0061    -0.0011     0.0039     0.0005
 1147           0.00330685       0.002343     0.006342     0.007557     0.002536     0.003094     0.002305     0.001575     0.001544     0.001609     0.001228      -0.0056    -0.0089     0.0043    -0.0006     0.0008    -0.0004    -0.0057    -0.0021     0.0033    -0.0004
 1149           0.00303502       0.002516     0.006852     0.007975     0.002276     0.003239     0.002551     0.001462     0.001634     0.001972     0.001150      -0.0043    -0.0126     0.0004    -0.0003     0.0023    -0.0018    -0.0060    -0.0013     0.0018    -0.0001
 1150           0.00223335       0.002228     0.008305     0.008628     0.002032     0.002788     0.002252     0.001821     0.001896     0.002082     0.001037      -0.0040    -0.0064    -0.0042    -0.0006     0.0024    -0.0016    -0.0045    -0.0001     0.0028    -0.0003
 1151           0.00158492       0.002135     0.007618     0.007730     0.002337     0.002398     0.002672     0.002005     0.002303     0.002416     0.001296      -0.0046    -0.0078    -0.0032    -0.0021     0.0023     0.0003    -0.0034     0.0017     0.0012    -0.0013
 1152           0.00108349       0.002648     0.008226     0.006699     0.002891     0.002223     0.002582     0.002342     0.002232     0.002624     0.001234      -0.0026    -0.0121    -0.0029     0.0001     0.0018    -0.0005    -0.0018     0.0010    -0.0002    -0.0010
 1167           0.00088147       0.001457     0.003763     0.003266     0.001500     0.001225     0.001149     0.001458     0.001018     0.001332     0.000552      -0.0034    -0.0115    -0.0019    -0.0005     0.0011    -0.0006    -0.0006     0.0011    -0.0008    -0.0010
 1168           0.00083654       0.001275     0.003832     0.002971     0.001746     0.001406     0.001120     0.001482     0.001097     0.001236     0.000482      -0.0035    -0.0099    -0.0023    -0.0017     0.0002    -0.0010    -0.0013     0.0006    -0.0010    -0.0011
 1169           0.00064824       0.001548     0.004651     0.003421     0.002033     0.001366     0.001014     0.001417     0.001299     0.001313     0.000572      -0.0023    -0.0064    -0.0046    -0.0031     0.0007    -0.0008    -0.0009    -0.0004    -0.0004    -0.0007
 1183           0.00060346       0.000753     0.002893     0.001615     0.001055     0.000621     0.000526     0.000625     0.000681     0.000777     0.000279      -0.0026    -0.0041    -0.0050    -0.0026     0.0008    -0.0006    -0.0009    -0.0000    -0.0009    -0.0008
 1184           0.00052953       0.000645     0.002863     0.001959     0.001041     0.000719     0.000527     0.000674     0.000593     0.000822     0.000305      -0.0025    -0.0031    -0.0035    -0.0030     0.0012    -0.0004    -0.0013     0.0000    -0.0005    -0.0009
 1186           0.00036492       0.000572     0.003392     0.002306     0.001092     0.000723     0.000560     0.000609     0.000727     0.000761     0.000276      -0.0025    -0.0007    -0.0019    -0.0024     0.0010    -0.0001    -0.0012    -0.0006    -0.0007    -0.0009
 1190           0.00025775       0.000537     0.003135     0.002094     0.001034     0.000639     0.000573     0.000661     0.000682     0.000647     0.000318      -0.0024    -0.0001    -0.0016    -0.0022     0.0010     0.0001    -0.0008    -0.0004    -0.0007    -0.0007
 1192           0.00021121       0.000658     0.003624     0.002423     0.001174     0.000601     0.000618     0.000592     0.000791     0.000737     0.000345      -0.0029     0.0023     0.0000    -0.0014     0.0009     0.0004    -0.0009    -0.0009    -0.0002    -0.0005
 1195           0.00019408       0.000766     0.003303     0.002957     0.001207     0.000528     0.000685     0.000601     0.000889     0.000774     0.000323      -0.0034     0.0018     0.0023    -0.0009     0.0009     0.0008    -0.0007    -0.0004     0.0002    -0.0006
 1198           0.00009625       0.000678     0.002814     0.003502     0.001121     0.000655     0.000678     0.000626     0.000950     0.000721     0.000276      -0.0034     0.0018    -0.0002    -0.0007     0.0004     0.0006    -0.0004     0.0001     0.0003    -0.0006
 1199           0.00008333       0.000590     0.002942     0.003226     0.001189     0.000671     0.000820     0.000650     0.000999     0.000747     0.000301      -0.0035     0.0031    -0.0008    -0.0001     0.0001    -0.0000    -0.0001    -0.0004    -0.0000    -0.0004
 1212           0.00007135       0.000312     0.001547     0.001875     0.000597     0.000407     0.000409     0.000392     0.000455     0.000373     0.000137      -0.0036     0.0024     0.0004     0.0001    -0.0002     0.0001     0.0002    -0.0005    -0.0002    -0.0004
 1213           0.00006249       0.000377     0.001669     0.002138     0.000736     0.000359     0.000378     0.000365     0.000436     0.000341     0.000128      -0.0034     0.0015    -0.0009     0.0007    -0.0002     0.0002     0.0001    -0.0003    -0.0002    -0.0004
 1219           0.00004908       0.000430     0.001439     0.002142     0.000629     0.000323     0.000408     0.000450     0.000537     0.000361     0.000130      -0.0036     0.0014    -0.0001     0.0007    -0.0001    -0.0000    -0.0002     0.0001    -0.0000    -0.0004
 1238           0.00004376       0.000231     0.000888     0.000960     0.000366     0.000143     0.000243     0.000232     0.000229     0.000187     0.000057      -0.0037     0.0008    -0.0002     0.0005    -0.0001    -0.0002    -0.0003     0.0001     0.0000    -0.0004
 1244           0.00004247       0.000219     0.000802     0.000912     0.000417     0.000130     0.000244     0.000244     0.000211     0.000196     0.000067      -0.0038     0.0009    -0.0000     0.0002    -0.0001    -0.0001    -0.0004     0.0001    -0.0001    -0.0004
 1245           0.00003904       0.000262     0.001001     0.000955     0.000402     0.000120     0.000260     0.000281     0.000227     0.000179     0.000062      -0.0036     0.0001    -0.0005     0.0003    -0.0002     0.0001    -0.0002     0.0002    -0.0001    -0.0004
 1252           0.00003774       0.000294     0.000980     0.000959     0.000389     0.000108     0.000264     0.000277     0.000268     0.000170     0.000066      -0.0034     0.0004    -0.0008     0.0004    -0.0002     0.0002    -0.0002     0.0001    -0.0001    -0.0003
 1266           0.00003301       0.000158     0.000514     0.000569     0.000219     0.000049     0.000138     0.000123     0.000149     0.000096     0.000039      -0.0034     0.0002    -0.0004     0.0006    -0.0002     0.0001    -0.0001    -0.0000    -0.0002    -0.0003
 1268           0.00003212       0.000154     0.000581     0.000605     0.000247     0.000057     0.000165     0.000112     0.000165     0.000089     0.000045      -0.0033    -0.0002    -0.0007     0.0004    -0.0001    -0.0000    -0.0002     0.0001    -0.0002    -0.0003
 1271           0.00002608       0.000144     0.000605     0.000599     0.000307     0.000055     0.000145     0.000108     0.000177     0.000089     0.000051      -0.0033     0.0001    -0.0005     0.0002    -0.0002    -0.0000    -0.0001    -0.0000    -0.0002    -0.0003
 1272           0.00002495       0.000125     0.000722     0.000713     0.000312     0.000055     0.000181     0.000134     0.000174     0.000087     0.000049      -0.0033    -0.0004     0.0000     0.0003    -0.0001     0.0001    -0.0000    -0.0001    -0.0002    -0.0003
 1274           0.00002316       0.000136     0.000749     0.000764     0.000387     0.000068     0.000211     0.000160     0.000160     0.000085     0.000047      -0.0032    -0.0001    -0.0004    -0.0000    -0.0001    -0.0000     0.0001    -0.0000    -0.0002    -0.0003
 1280           0.00002293       0.000160     0.000786     0.000823     0.000345     0.000062     0.000229     0.000191     0.000159     0.000090     0.000059      -0.0033    -0.0005     0.0000     0.0000    -0.0001    -0.0002    -0.0000     0.0000    -0.0002    -0.0002
 1293           0.00002160       0.000070     0.000469     0.000378     0.000154     0.000037     0.000123     0.000117     0.000088     0.000052     0.000033      -0.0033    -0.0001    -0.0000     0.0000    -0.0001    -0.0001     0.0000    -0.0000    -0.0002    -0.0003
 1294           0.00002125       0.000081     0.000440     0.000384     0.000144     0.000037     0.000142     0.000124     0.000083     0.000058     0.000041      -0.0034    -0.0002     0.0001    -0.0000    -0.0001    -0.0002     0.0001    -0.0001    -0.0002    -0.0002
 1304           0.00001974       0.000096     0.000440     0.000479     0.000163     0.000038     0.000123     0.000120     0.000083     0.000060     0.000044      -0.0033    -0.0004    -0.0003    -0.0001    -0.0001    -0.0002     0.0001    -0.0000    -0.0001    -0.0002
 1309           0.00001796       0.000117     0.000437     0.000564     0.000169     0.000040     0.000130     0.000114     0.000089     0.000065     0.000048      -0.0032    -0.0003     0.0001    -0.0002    -0.0001    -0.0002     0.0000     0.0000    -0.0001    -0.0002
 1313           0.00001770       0.000108     0.000398     0.000634     0.000145     0.000039     0.000156     0.000111     0.000084     0.000062     0.000050      -0.0032    -0.0002    -0.0002    -0.0002    -0.0002    -0.0001     0.0001    -0.0000    -0.0001    -0.0002
 1318           0.00001640       0.000094     0.000342     0.000618     0.000179     0.000039     0.000165     0.000103     0.000099     0.000072     0.000050      -0.0032    -0.0002    -0.0001    -0.0001    -0.0002    -0.0001     0.0001     0.0001    -0.0001    -0.0002
 1329           0.00001476       0.000054     0.000222     0.000373     0.000117     0.000028     0.000127     0.000059     0.000043     0.000052     0.000039      -0.0033    -0.0000     0.0002    -0.0002    -0.0001     0.0001     0.0000     0.0001    -0.0001    -0.0001
 1331           0.00001401       0.000066     0.000269     0.000405     0.000129     0.000028     0.000157     0.000068     0.000048     0.000045     0.000039      -0.0032    -0.0002     0.0000    -0.0002    -0.0001    -0.0000     0.0001     0.0000    -0.0001    -0.0001
 1332           0.00001327       0.000078     0.000296     0.000381     0.000126     0.000032     0.000143     0.000069     0.000045     0.000041     0.000034      -0.0032    -0.0000     0.0001    -0.0002    -0.0001    -0.0000     0.0001     0.0000    -0.0001    -0.0001
 1333           0.00001303       0.000089     0.000257     0.000353     0.000140     0.000036     0.000129     0.000076     0.000045     0.000046     0.000038      -0.0031    -0.0001     0.0002    -0.0001    -0.0001    -0.0000     0.0000     0.0000    -0.0000    -0.0001
 1337           0.00001218       0.000083     0.000302     0.000427     0.000133     0.000035     0.000127     0.000082     0.000047     0.000056     0.000045      -0.0031    -0.0003    -0.0001    -0.0001    -0.0001     0.0000     0.0000     0.0000    -0.0000    -0.0001
 1341           0.00001166       0.000093     0.000362     0.000437     0.000132     0.000041     0.000150     0.000073     0.000058     0.000060     0.000044      -0.0030    -0.0000     0.0000    -0.0001    -0.0002     0.0001    -0.0000    -0.0000     0.0000    -0.0001
 1345           0.00001087       0.000086     0.000407     0.000382     0.000134     0.000049     0.000177     0.000080     0.000069     0.000055     0.000049      -0.0030    -0.0003     0.0000    -0.0000    -0.0001    -0.0000     0.0000    -0.0001     0.0000    -0.0001
 1348           0.00001016       0.000096     0.000499     0.000346     0.000124     0.000045     0.000161     0.000080     0.000084     0.000053     0.000059      -0.0031     0.0001     0.0001    -0.0000    -0.0001    -0.0000     0.0000    -0.0000     0.0000    -0.0000
 1373           0.00001003       0.000027     0.000118     0.000083     0.000030     0.000011     0.000050     0.000023     0.000021     0.000013     0.000015      -0.0031     0.0002     0.0000    -0.0000    -0.0001     0.0000     0.0000    -0.0000     0.0000    -0.0000
 1375           0.00000981       0.000031     0.000120     0.000090     0.000033     0.000010     0.000043     0.000026     0.000024     0.000013     0.000014      -0.0030     0.0001    -0.0000    -0.0000    -0.0001     0.0000     0.0000     0.0000     0.0000    -0.0000
 1383           0.00000979       0.000035     0.000131     0.000105     0.000034     0.000011     0.000042     0.000029     0.000026     0.000013     0.000016      -0.0030     0.0002     0.0001     0.0000    -0.0001     0.0000    -0.0000    -0.0000     0.0000    -0.0000
 1386           0.00000978       0.000031     0.000159     0.000092     0.000033     0.000012     0.000048     0.000030     0.000023     0.000015     0.000015      -0.0030     0.0001     0.0001    -0.0000    -0.0001     0.0000     0.0000    -0.0000     0.0000    -0.0000
 1388           0.00000975       0.000036     0.000164     0.000108     0.000031     0.000011     0.000053     0.000029     0.000023     0.000016     0.000015      -0.0030    -0.0000    -0.0000    -0.0000    -0.0001     0.0000    -0.0000     0.0000     0.0000    -0.0000
 1402           0.00000972       0.000020     0.000086     0.000052     0.000015     0.000010     0.000028     0.000013     0.000014     0.000010     0.000010      -0.0030     0.0000    -0.0000    -0.0000    -0.0001     0.0000    -0.0000    -0.0000     0.0000    -0.0000
 1402           0.00000972      79.543004    44.753736   112.559687    23.377073    20.754666    20.511980    15.238055    14.675213     8.950900    26.002622
